kinematics:
  shoulder:
    x: 0
    y: 0
    z: 0.08937860720288403
    roll: -0
    pitch: 0
    yaw: 3.786164542560357e-05
  upper_arm:
    x: 0.0002140505392814961
    y: 0
    z: 0
    roll: 1.5707670301715
    pitch: 0
    yaw: -4.581529412304997e-05
  forearm:
    x: -0.4253459842588479
    y: 0
    z: 0
    roll: 3.141110703843447
    pitch: 3.140795530350098
    yaw: -3.141554994853042
  wrist_1:
    x: -0.3925179488687551
    y: 0.0007403918978620855
    z: 0.1103796457395058
    roll: 3.13488506915209
    pitch: 3.141575598062244
    yaw: -3.141582825974094
  wrist_2:
    x: -0.0003380869655392727
    y: -0.09484577543107511
    z: 5.168771128911171e-05
    roll: 1.570251360970775
    pitch: 0
    yaw: 3.602818805379087e-06
  wrist_3:
    x: 0.00029033673048012
    y: 0.08253903740319936
    z: 5.245445469226094e-05
    roll: 1.57143183756993
    pitch: 3.141592653589793
    yaw: -3.141535372924156
  hash: calib_15666667875715696397